{
  "summary": {
    "n_datasets": 3,
    "theoretical_validation": {
      "constraints_satisfied_count": 3,
      "sklearn_equivalent_count": 3,
      "overall_passed": 3,
      "constraints_satisfied_rate": 100.0,
      "sklearn_equivalent_rate": 100.0,
      "overall_success_rate": 100.0
    },
    "performance": {
      "regression_vs_sklearn": [
        1.0000000000000622,
        1.0,
        0.999999999999997
      ],
      "joint_vs_sklearn": [
        262303.81145281193,
        1.029788161744087,
        1.4731821459553336
      ],
      "joint_vs_regression": [
        262303.8114527956,
        1.029788161744087,
        1.473182145955338
      ],
      "avg_regression_vs_sklearn": 1.0000000000000198,
      "avg_joint_vs_sklearn": 87435.43814103988,
      "avg_joint_vs_regression": 87435.43814103444
    },
    "model_behavior": {
      "implicit_weighting_evidence": [
        true,
        false,
        true
      ],
      "rank_effects": [],
      "implicit_weighting_rate": 66.66666666666666
    }
  },
  "datasets": {
    "synthetic_regression": {
      "dataset_info": {
        "name": "synthetic_regression",
        "n_train": 160,
        "n_test": 40,
        "n_features": 5,
        "augmented_dim": 6
      },
      "model_algebraic": {
        "1": {
          "regression": {
            "prediction_mse": 9.342010035977188e-07,
            "prediction_r2": 0.9999990279648068,
            "operator_structure": {
              "fitted": true,
              "model_type": "regression",
              "k": 6,
              "p": 5,
              "n_components": 1,
              "A_sigma": 0.0,
              "A_beta": [
                0.03437326092853059,
                0.1070790533642252,
                0.6431805170451516,
                0.1671687270104779,
                0.7123460090202868
              ],
              "A_mu": [
                [
                  0.0,
                  0.0,
                  0.0,
                  0.0,
                  0.0
                ],
                [
                  0.0,
                  0.0,
                  0.0,
                  0.0,
                  0.0
                ],
                [
                  0.0,
                  0.0,
                  0.0,
                  0.0,
                  0.0
                ],
                [
                  0.0,
                  0.0,
                  0.0,
                  0.0,
                  0.0
                ],
                [
                  0.0,
                  0.0,
                  0.0,
                  0.0,
                  0.0
                ]
              ],
              "H_matrix": [
                [
                  0.0,
                  0.03437326092853059,
                  0.1070790533642252,
                  0.6431805170451516,
                  0.1671687270104779,
                  0.7123460090202868
                ],
                [
                  0.0,
                  0.0,
                  0.0,
                  0.0,
                  0.0,
                  0.0
                ],
                [
                  0.0,
                  0.0,
                  0.0,
                  0.0,
                  0.0,
                  0.0
                ],
                [
                  0.0,
                  0.0,
                  0.0,
                  0.0,
                  0.0,
                  0.0
                ],
                [
                  0.0,
                  0.0,
                  0.0,
                  0.0,
                  0.0,
                  0.0
                ],
                [
                  0.0,
                  0.0,
                  0.0,
                  0.0,
                  0.0,
                  0.0
                ]
              ],
              "A_beta_norm": 0.9806685689365914,
              "A_mu_frobenius_norm": 0.0,
              "A_mu_rank": 0,
              "empirical_loss": 1.124017631399397e-06
            }
          },
          "pca": {
            "reconstruction_mse": 0.7692781161346891,
            "operator_structure": {
              "fitted": true,
              "model_type": "pca",
              "k": 6,
              "p": 5,
              "n_components": 1,
              "A_sigma": 0.0,
              "A_beta": [
                0.0,
                0.0,
                0.0,
                0.0,
                0.0
              ],
              "A_mu": [
                [
                  0.4196395375153992,
                  0.3038847909247698,
                  0.3828603982271538,
                  0.06745761802045887,
                  -0.007975910870929274
                ],
                [
                  0.3038847909247698,
                  0.22006021334918258,
                  0.2772509300660529,
                  0.04884988738144788,
                  -0.005775809452554261
                ],
                [
                  0.3828603982271538,
                  0.2772509300660529,
                  0.34930475187952414,
                  0.06154532209163051,
                  -0.007276865355319883
                ],
                [
                  0.06745761802045887,
                  0.04884988738144788,
                  0.06154532209163051,
                  0.01084390249769339,
                  -0.001282138361132448
                ],
                [
                  -0.007975910870929274,
                  -0.005775809452554261,
                  -0.007276865355319883,
                  -0.001282138361132448,
                  0.000151594758200479
                ]
              ],
              "H_matrix": [
                [
                  0.0,
                  0.0,
                  0.0,
                  0.0,
                  0.0,
                  0.0
                ],
                [
                  0.0,
                  0.4196395375153992,
                  0.3038847909247698,
                  0.3828603982271538,
                  0.06745761802045887,
                  -0.007975910870929274
                ],
                [
                  0.0,
                  0.3038847909247698,
                  0.22006021334918258,
                  0.2772509300660529,
                  0.04884988738144788,
                  -0.005775809452554261
                ],
                [
                  0.0,
                  0.3828603982271538,
                  0.2772509300660529,
                  0.34930475187952414,
                  0.06154532209163051,
                  -0.007276865355319883
                ],
                [
                  0.0,
                  0.06745761802045887,
                  0.04884988738144788,
                  0.06154532209163051,
                  0.01084390249769339,
                  -0.001282138361132448
                ],
                [
                  0.0,
                  -0.007975910870929274,
                  -0.005775809452554261,
                  -0.007276865355319883,
                  -0.001282138361132448,
                  0.000151594758200479
                ]
              ],
              "A_beta_norm": 0.0,
              "A_mu_frobenius_norm": 0.9999999999999997,
              "A_mu_rank": 1,
              "empirical_loss": 0.7658804188910006
            }
          },
          "joint": {
            "prediction_mse": 0.26200418801301834,
            "prediction_r2": 0.7273849090792746,
            "reconstruction_mse": 0.8285656634693707,
            "operator_structure": {
              "fitted": true,
              "model_type": "joint",
              "k": 6,
              "p": 5,
              "n_components": 1,
              "A_sigma": 0.4833013146972115,
              "A_beta": [
                0.09262004738699776,
                0.06604617544808336,
                0.34154676247110627,
                0.064678776373413,
                0.34050410918550317
              ],
              "A_mu": [
                [
                  0.01774974103545348,
                  0.012657114130889295,
                  0.06545415119503306,
                  0.012395065253219158,
                  0.06525433672363798
                ],
                [
                  0.012657114130889295,
                  0.009025626785335491,
                  0.04667452107392683,
                  0.008838763070201991,
                  0.04653203592079703
                ],
                [
                  0.06545415119503306,
                  0.04667452107392683,
                  0.2413694881578756,
                  0.045708186589088436,
                  0.24063264999243275
                ],
                [
                  0.012395065253219158,
                  0.008838763070201991,
                  0.045708186589088436,
                  0.008655768122176194,
                  0.04556865140339009
                ],
                [
                  0.06525433672363798,
                  0.04653203592079703,
                  0.24063264999243275,
                  0.04556865140339009,
                  0.23989806120194693
                ]
              ],
              "H_matrix": [
                [
                  0.4833013146972115,
                  0.09262004738699776,
                  0.06604617544808336,
                  0.34154676247110627,
                  0.064678776373413,
                  0.34050410918550317
                ],
                [
                  0.09262004738699776,
                  0.01774974103545348,
                  0.012657114130889295,
                  0.06545415119503306,
                  0.012395065253219158,
                  0.06525433672363798
                ],
                [
                  0.06604617544808336,
                  0.012657114130889295,
                  0.009025626785335491,
                  0.04667452107392683,
                  0.008838763070201991,
                  0.04653203592079703
                ],
                [
                  0.34154676247110627,
                  0.06545415119503306,
                  0.04667452107392683,
                  0.2413694881578756,
                  0.045708186589088436,
                  0.24063264999243275
                ],
                [
                  0.064678776373413,
                  0.012395065253219158,
                  0.008838763070201991,
                  0.045708186589088436,
                  0.008655768122176194,
                  0.04556865140339009
                ],
                [
                  0.34050410918550317,
                  0.06525433672363798,
                  0.04653203592079703,
                  0.24063264999243275,
                  0.04556865140339009,
                  0.23989806120194693
                ]
              ],
              "A_beta_norm": 0.499721076110622,
              "A_mu_frobenius_norm": 0.5166986853027877,
              "A_mu_rank": 1,
              "empirical_loss": 0.6576558945576287
            }
          }
        },
        "2": {
          "regression": {
            "prediction_mse": 9.342010035977188e-07,
            "prediction_r2": 0.9999990279648068,
            "operator_structure": {
              "fitted": true,
              "model_type": "regression",
              "k": 6,
              "p": 5,
              "n_components": 2,
              "A_sigma": 0.0,
              "A_beta": [
                0.03437326092853059,
                0.1070790533642252,
                0.6431805170451516,
                0.1671687270104779,
                0.7123460090202868
              ],
              "A_mu": [
                [
                  0.0,
                  0.0,
                  0.0,
                  0.0,
                  0.0
                ],
                [
                  0.0,
                  0.0,
                  0.0,
                  0.0,
                  0.0
                ],
                [
                  0.0,
                  0.0,
                  0.0,
                  0.0,
                  0.0
                ],
                [
                  0.0,
                  0.0,
                  0.0,
                  0.0,
                  0.0
                ],
                [
                  0.0,
                  0.0,
                  0.0,
                  0.0,
                  0.0
                ]
              ],
              "H_matrix": [
                [
                  0.0,
                  0.03437326092853059,
                  0.1070790533642252,
                  0.6431805170451516,
                  0.1671687270104779,
                  0.7123460090202868
                ],
                [
                  0.0,
                  0.0,
                  0.0,
                  0.0,
                  0.0,
                  0.0
                ],
                [
                  0.0,
                  0.0,
                  0.0,
                  0.0,
                  0.0,
                  0.0
                ],
                [
                  0.0,
                  0.0,
                  0.0,
                  0.0,
                  0.0,
                  0.0
                ],
                [
                  0.0,
                  0.0,
                  0.0,
                  0.0,
                  0.0,
                  0.0
                ],
                [
                  0.0,
                  0.0,
                  0.0,
                  0.0,
                  0.0,
                  0.0
                ]
              ],
              "A_beta_norm": 0.9806685689365914,
              "A_mu_frobenius_norm": 0.0,
              "A_mu_rank": 0,
              "empirical_loss": 1.124017631399397e-06
            }
          },
          "pca": {
            "reconstruction_mse": 0.5987939963377074,
            "operator_structure": {
              "fitted": true,
              "model_type": "pca",
              "k": 6,
              "p": 5,
              "n_components": 2,
              "A_sigma": 0.0,
              "A_beta": [
                0.0,
                0.0,
                0.0,
                0.0,
                0.0
              ],
              "A_mu": [
                [
                  0.421305247977213,
                  0.30363307269342893,
                  0.3760257925246992,
                  0.09338743974177738,
                  -0.038697320649712
                ],
                [
                  0.30363307269342893,
                  0.22009825241385914,
                  0.278283759539586,
                  0.044931433957336016,
                  -0.0011332625567442233
                ],
                [
                  0.3760257925246992,
                  0.278283759539586,
                  0.3773479419650077,
                  -0.04484778251021728,
                  0.11877668793320839
                ],
                [
                  0.09338743974177738,
                  0.044931433957336016,
                  -0.04484778251021728,
                  0.4144888755665463,
                  -0.4795169197672343
                ],
                [
                  -0.038697320649712,
                  -0.0011332625567442233,
                  0.11877668793320839,
                  -0.4795169197672343,
                  0.5667596820773739
                ]
              ],
              "H_matrix": [
                [
                  0.0,
                  0.0,
                  0.0,
                  0.0,
                  0.0,
                  0.0
                ],
                [
                  0.0,
                  0.421305247977213,
                  0.30363307269342893,
                  0.3760257925246992,
                  0.09338743974177738,
                  -0.038697320649712
                ],
                [
                  0.0,
                  0.30363307269342893,
                  0.22009825241385914,
                  0.278283759539586,
                  0.044931433957336016,
                  -0.0011332625567442233
                ],
                [
                  0.0,
                  0.3760257925246992,
                  0.278283759539586,
                  0.3773479419650077,
                  -0.04484778251021728,
                  0.11877668793320839
                ],
                [
                  0.0,
                  0.09338743974177738,
                  0.044931433957336016,
                  -0.04484778251021728,
                  0.4144888755665463,
                  -0.4795169197672343
                ],
                [
                  0.0,
                  -0.038697320649712,
                  -0.0011332625567442233,
                  0.11877668793320839,
                  -0.4795169197672343,
                  0.5667596820773739
                ]
              ],
              "A_beta_norm": 0.0,
              "A_mu_frobenius_norm": 1.4142135623730951,
              "A_mu_rank": 2,
              "empirical_loss": 0.556772830621034
            }
          },
          "joint": {
            "prediction_mse": 0.25447445146079073,
            "prediction_r2": 0.735219592296982,
            "reconstruction_mse": 0.6222218290467676,
            "operator_structure": {
              "fitted": true,
              "model_type": "joint",
              "k": 6,
              "p": 5,
              "n_components": 2,
              "A_sigma": 0.4874751246439513,
              "A_beta": [
                0.05306431867992871,
                0.03229257815070799,
                0.32284753173633596,
                0.05543345932439386,
                0.37239911092243055
              ],
              "A_mu": [
                [
                  0.39262442232500544,
                  0.3325442567224041,
                  0.2426691435914208,
                  0.10001411299819286,
                  -0.2370186589126069
                ],
                [
                  0.3325442567224041,
                  0.28199093786839186,
                  0.19789518326175612,
                  0.08360563375699627,
                  -0.21140281453118714
                ],
                [
                  0.2426691435914208,
                  0.19789518326175612,
                  0.3251445604620906,
                  0.08712845222690282,
                  0.09773874625094406
                ],
                [
                  0.10001411299819286,
                  0.08360563375699627,
                  0.08712845222690282,
                  0.02913487196916611,
                  -0.025081284051203988
                ],
                [
                  -0.2370186589126069,
                  -0.21140281453118714,
                  0.09773874625094406,
                  -0.025081284051203988,
                  0.483630082731393
                ]
              ],
              "H_matrix": [
                [
                  0.4874751246439513,
                  0.05306431867992871,
                  0.03229257815070799,
                  0.32284753173633596,
                  0.05543345932439386,
                  0.37239911092243055
                ],
                [
                  0.05306431867992871,
                  0.39262442232500544,
                  0.3325442567224041,
                  0.2426691435914208,
                  0.10001411299819286,
                  -0.2370186589126069
                ],
                [
                  0.03229257815070799,
                  0.3325442567224041,
                  0.28199093786839186,
                  0.19789518326175612,
                  0.08360563375699627,
                  -0.21140281453118714
                ],
                [
                  0.32284753173633596,
                  0.2426691435914208,
                  0.19789518326175612,
                  0.3251445604620906,
                  0.08712845222690282,
                  0.09773874625094406
                ],
                [
                  0.05543345932439386,
                  0.10001411299819286,
                  0.08360563375699627,
                  0.08712845222690282,
                  0.02913487196916611,
                  -0.025081284051203988
                ],
                [
                  0.37239911092243055,
                  -0.2370186589126069,
                  -0.21140281453118714,
                  0.09773874625094406,
                  -0.025081284051203988,
                  0.483630082731393
                ]
              ],
              "A_beta_norm": 0.49984310288060896,
              "A_mu_frobenius_norm": 1.1236911265373286,
              "A_mu_rank": 2,
              "empirical_loss": 0.46952948943807127
            }
          }
        },
        "3": {
          "regression": {
            "prediction_mse": 9.342010035977188e-07,
            "prediction_r2": 0.9999990279648068,
            "operator_structure": {
              "fitted": true,
              "model_type": "regression",
              "k": 6,
              "p": 5,
              "n_components": 3,
              "A_sigma": 0.0,
              "A_beta": [
                0.03437326092853059,
                0.1070790533642252,
                0.6431805170451516,
                0.1671687270104779,
                0.7123460090202868
              ],
              "A_mu": [
                [
                  0.0,
                  0.0,
                  0.0,
                  0.0,
                  0.0
                ],
                [
                  0.0,
                  0.0,
                  0.0,
                  0.0,
                  0.0
                ],
                [
                  0.0,
                  0.0,
                  0.0,
                  0.0,
                  0.0
                ],
                [
                  0.0,
                  0.0,
                  0.0,
                  0.0,
                  0.0
                ],
                [
                  0.0,
                  0.0,
                  0.0,
                  0.0,
                  0.0
                ]
              ],
              "H_matrix": [
                [
                  0.0,
                  0.03437326092853059,
                  0.1070790533642252,
                  0.6431805170451516,
                  0.1671687270104779,
                  0.7123460090202868
                ],
                [
                  0.0,
                  0.0,
                  0.0,
                  0.0,
                  0.0,
                  0.0
                ],
                [
                  0.0,
                  0.0,
                  0.0,
                  0.0,
                  0.0,
                  0.0
                ],
                [
                  0.0,
                  0.0,
                  0.0,
                  0.0,
                  0.0,
                  0.0
                ],
                [
                  0.0,
                  0.0,
                  0.0,
                  0.0,
                  0.0,
                  0.0
                ],
                [
                  0.0,
                  0.0,
                  0.0,
                  0.0,
                  0.0,
                  0.0
                ]
              ],
              "A_beta_norm": 0.9806685689365914,
              "A_mu_frobenius_norm": 0.0,
              "A_mu_rank": 0,
              "empirical_loss": 1.124017631399397e-06
            }
          },
          "pca": {
            "reconstruction_mse": 0.3579721316936586,
            "operator_structure": {
              "fitted": true,
              "model_type": "pca",
              "k": 6,
              "p": 5,
              "n_components": 3,
              "A_sigma": 0.0,
              "A_beta": [
                0.0,
                0.0,
                0.0,
                0.0,
                0.0
              ],
              "A_mu": [
                [
                  0.42146573032541534,
                  0.2960828927310079,
                  0.3806534654481814,
                  0.10075892921367748,
                  -0.03343451128282335
                ],
                [
                  0.2960828927310079,
                  0.5753100131059633,
                  0.060566585215412604,
                  -0.30187351205316004,
                  -0.24873157023999343
                ],
                [
                  0.3806534654481814,
                  0.060566585215412604,
                  0.510791631732896,
                  0.16771666845259986,
                  0.2705351877396664
                ],
                [
                  0.10075892921367748,
                  -0.30187351205316004,
                  0.16771666845259986,
                  0.7530859714031217,
                  -0.23777853373780983
                ],
                [
                  -0.03343451128282335,
                  -0.24873157023999343,
                  0.2705351877396664,
                  -0.23777853373780983,
                  0.7393466534326038
                ]
              ],
              "H_matrix": [
                [
                  0.0,
                  0.0,
                  0.0,
                  0.0,
                  0.0,
                  0.0
                ],
                [
                  0.0,
                  0.42146573032541534,
                  0.2960828927310079,
                  0.3806534654481814,
                  0.10075892921367748,
                  -0.03343451128282335
                ],
                [
                  0.0,
                  0.2960828927310079,
                  0.5753100131059633,
                  0.060566585215412604,
                  -0.30187351205316004,
                  -0.24873157023999343
                ],
                [
                  0.0,
                  0.3806534654481814,
                  0.060566585215412604,
                  0.510791631732896,
                  0.16771666845259986,
                  0.2705351877396664
                ],
                [
                  0.0,
                  0.10075892921367748,
                  -0.30187351205316004,
                  0.16771666845259986,
                  0.7530859714031217,
                  -0.23777853373780983
                ],
                [
                  0.0,
                  -0.03343451128282335,
                  -0.24873157023999343,
                  0.2705351877396664,
                  -0.23777853373780983,
                  0.7393466534326038
                ]
              ],
              "A_beta_norm": 0.0,
              "A_mu_frobenius_norm": 1.7320508075688772,
              "A_mu_rank": 3,
              "empirical_loss": 0.3541454892872568
            }
          },
          "joint": {
            "prediction_mse": 0.2537748834305444,
            "prediction_r2": 0.735947492120329,
            "reconstruction_mse": 0.40012025158115483,
            "operator_structure": {
              "fitted": true,
              "model_type": "joint",
              "k": 6,
              "p": 5,
              "n_components": 3,
              "A_sigma": 0.48787957317506936,
              "A_beta": [
                0.05219093059922884,
                0.023485108967686533,
                0.3250245612428404,
                0.0728747077184407,
                0.36827430434038483
              ],
              "A_mu": [
                [
                  0.39451046388732725,
                  0.35156358307356744,
                  0.2379679480720383,
                  0.06235053583603222,
                  -0.22811132799959188
                ],
                [
                  0.35156358307356744,
                  0.47378669787632194,
                  0.1504871231160985,
                  -0.2962035284109409,
                  -0.12157900739096467
                ],
                [
                  0.2379679480720383,
                  0.1504871231160985,
                  0.3368628808602129,
                  0.18100964961721483,
                  0.07553610500778232
                ],
                [
                  0.06235053583603222,
                  -0.2962035284109409,
                  0.18100964961721483,
                  0.7812630715745482,
                  -0.20295750473122162
                ],
                [
                  -0.22811132799959188,
                  -0.12157900739096467,
                  0.07553610500778232,
                  -0.20295750473122162,
                  0.5256973126265183
                ]
              ],
              "H_matrix": [
                [
                  0.48787957317506936,
                  0.05219093059922884,
                  0.023485108967686533,
                  0.3250245612428404,
                  0.0728747077184407,
                  0.36827430434038483
                ],
                [
                  0.05219093059922884,
                  0.39451046388732725,
                  0.35156358307356744,
                  0.2379679480720383,
                  0.06235053583603222,
                  -0.22811132799959188
                ],
                [
                  0.023485108967686533,
                  0.35156358307356744,
                  0.47378669787632194,
                  0.1504871231160985,
                  -0.2962035284109409,
                  -0.12157900739096467
                ],
                [
                  0.3250245612428404,
                  0.2379679480720383,
                  0.1504871231160985,
                  0.3368628808602129,
                  0.18100964961721483,
                  0.07553610500778232
                ],
                [
                  0.0728747077184407,
                  0.06235053583603222,
                  -0.2962035284109409,
                  0.18100964961721483,
                  0.7812630715745482,
                  -0.20295750473122162
                ],
                [
                  0.36827430434038483,
                  -0.22811132799959188,
                  -0.12157900739096467,
                  0.07553610500778232,
                  -0.20295750473122162,
                  0.5256973126265183
                ]
              ],
              "A_beta_norm": 0.49985307366623355,
              "A_mu_frobenius_norm": 1.5040835520579785,
              "A_mu_rank": 3,
              "empirical_loss": 0.2980075723829225
            }
          }
        },
        "4": {
          "regression": {
            "prediction_mse": 9.342010035977188e-07,
            "prediction_r2": 0.9999990279648068,
            "operator_structure": {
              "fitted": true,
              "model_type": "regression",
              "k": 6,
              "p": 5,
              "n_components": 4,
              "A_sigma": 0.0,
              "A_beta": [
                0.03437326092853059,
                0.1070790533642252,
                0.6431805170451516,
                0.1671687270104779,
                0.7123460090202868
              ],
              "A_mu": [
                [
                  0.0,
                  0.0,
                  0.0,
                  0.0,
                  0.0
                ],
                [
                  0.0,
                  0.0,
                  0.0,
                  0.0,
                  0.0
                ],
                [
                  0.0,
                  0.0,
                  0.0,
                  0.0,
                  0.0
                ],
                [
                  0.0,
                  0.0,
                  0.0,
                  0.0,
                  0.0
                ],
                [
                  0.0,
                  0.0,
                  0.0,
                  0.0,
                  0.0
                ]
              ],
              "H_matrix": [
                [
                  0.0,
                  0.03437326092853059,
                  0.1070790533642252,
                  0.6431805170451516,
                  0.1671687270104779,
                  0.7123460090202868
                ],
                [
                  0.0,
                  0.0,
                  0.0,
                  0.0,
                  0.0,
                  0.0
                ],
                [
                  0.0,
                  0.0,
                  0.0,
                  0.0,
                  0.0,
                  0.0
                ],
                [
                  0.0,
                  0.0,
                  0.0,
                  0.0,
                  0.0,
                  0.0
                ],
                [
                  0.0,
                  0.0,
                  0.0,
                  0.0,
                  0.0,
                  0.0
                ],
                [
                  0.0,
                  0.0,
                  0.0,
                  0.0,
                  0.0,
                  0.0
                ]
              ],
              "A_beta_norm": 0.9806685689365914,
              "A_mu_frobenius_norm": 0.0,
              "A_mu_rank": 0,
              "empirical_loss": 1.124017631399397e-06
            }
          },
          "pca": {
            "reconstruction_mse": 0.14263973713408323,
            "operator_structure": {
              "fitted": true,
              "model_type": "pca",
              "k": 6,
              "p": 5,
              "n_components": 4,
              "A_sigma": 0.0,
              "A_beta": [
                0.0,
                0.0,
                0.0,
                0.0,
                0.0
              ],
              "A_mu": [
                [
                  0.5444121977092544,
                  0.0705358205286071,
                  0.45179798624539397,
                  -0.0696734226544973,
                  -0.18459807289677943
                ],
                [
                  0.0705358205286071,
                  0.9890793784367634,
                  -0.06994906692575138,
                  0.010787101874240123,
                  0.028580169342339957
                ],
                [
                  0.45179798624539397,
                  -0.06994906692575138,
                  0.5519603041410496,
                  0.06909384292522694,
                  0.18306249021636642
                ],
                [
                  -0.0696734226544973,
                  0.010787101874240123,
                  0.06909384292522694,
                  0.9893447853520576,
                  -0.028230737279342614
                ],
                [
                  -0.18459807289677943,
                  0.028580169342339957,
                  0.18306249021636642,
                  -0.028230737279342614,
                  0.9252033343608751
                ]
              ],
              "H_matrix": [
                [
                  0.0,
                  0.0,
                  0.0,
                  0.0,
                  0.0,
                  0.0
                ],
                [
                  0.0,
                  0.5444121977092544,
                  0.0705358205286071,
                  0.45179798624539397,
                  -0.0696734226544973,
                  -0.18459807289677943
                ],
                [
                  0.0,
                  0.0705358205286071,
                  0.9890793784367634,
                  -0.06994906692575138,
                  0.010787101874240123,
                  0.028580169342339957
                ],
                [
                  0.0,
                  0.45179798624539397,
                  -0.06994906692575138,
                  0.5519603041410496,
                  0.06909384292522694,
                  0.18306249021636642
                ],
                [
                  0.0,
                  -0.0696734226544973,
                  0.010787101874240123,
                  0.06909384292522694,
                  0.9893447853520576,
                  -0.028230737279342614
                ],
                [
                  0.0,
                  -0.18459807289677943,
                  0.028580169342339957,
                  0.18306249021636642,
                  -0.028230737279342614,
                  0.9252033343608751
                ]
              ],
              "A_beta_norm": 0.0,
              "A_mu_frobenius_norm": 2.0,
              "A_mu_rank": 4,
              "empirical_loss": 0.17385812746194879
            }
          },
          "joint": {
            "prediction_mse": 0.2457166239018905,
            "prediction_r2": 0.7443321029569985,
            "reconstruction_mse": 0.18379554210991073,
            "operator_structure": {
              "fitted": true,
              "model_type": "joint",
              "k": 6,
              "p": 5,
              "n_components": 4,
              "A_sigma": 0.48975786976331787,
              "A_beta": [
                0.030689400306445697,
                0.054746966092013974,
                0.3141505286523043,
                0.09002602688023445,
                0.3730426101833436
              ],
              "A_mu": [
                [
                  0.640646142258854,
                  -0.006302034195206512,
                  0.3624468736117726,
                  -0.13398672571560746,
                  -0.2826958239567707
                ],
                [
                  -0.006302034195206512,
                  0.9941005380740445,
                  -0.030497315304040627,
                  -0.010741641036849846,
                  -0.04221662291968361
                ],
                [
                  0.3624468736117726,
                  -0.030497315304040627,
                  0.3998159765107262,
                  0.08171542489099928,
                  0.04793092621845817
                ],
                [
                  -0.13398672571560746,
                  -0.010741641036849846,
                  0.08171542489099928,
                  0.9378771818434815,
                  -0.15941659863295
                ],
                [
                  -0.2826958239567707,
                  -0.04221662291968361,
                  0.04793092621845817,
                  -0.15941659863295,
                  0.5378022915495737
                ]
              ],
              "H_matrix": [
                [
                  0.48975786976331787,
                  0.030689400306445697,
                  0.054746966092013974,
                  0.3141505286523043,
                  0.09002602688023445,
                  0.3730426101833436
                ],
                [
                  0.030689400306445697,
                  0.640646142258854,
                  -0.006302034195206512,
                  0.3624468736117726,
                  -0.13398672571560746,
                  -0.2826958239567707
                ],
                [
                  0.054746966092013974,
                  -0.006302034195206512,
                  0.9941005380740445,
                  -0.030497315304040627,
                  -0.010741641036849846,
                  -0.04221662291968361
                ],
                [
                  0.3141505286523043,
                  0.3624468736117726,
                  -0.030497315304040627,
                  0.3998159765107262,
                  0.08171542489099928,
                  0.04793092621845817
                ],
                [
                  0.09002602688023445,
                  -0.13398672571560746,
                  -0.010741641036849846,
                  0.08171542489099928,
                  0.9378771818434815,
                  -0.15941659863295
                ],
                [
                  0.3730426101833436,
                  -0.2826958239567707,
                  -0.04221662291968361,
